pendula:
  - sin: [1.5, 0.0]
    period: 13.1551
    decay: 0.0000795

  - sin: [0.0, 1.0]
    period: 9.8671
    decay: 0.0000795

  - sin: [0.5, 0.5]
    period: 39.4390
    decay: 0.0000795

  - sin: [-0.5, 0.5]
    period: 13.1639
    decay: 0.0000795
